--------------------------------------------
layer: 2, 6, 6, 1 | learning rate: 0.3 | momentum rate: 0.1 | epoch: 2000
total confusion matrix [[89, 18], [11, 82]] each confusion matrix :  [[[8, 3], [0, 9]], [[7, 1], [2, 10]], [[10, 0], [2, 8]], [[8, 5], [0, 7]], [[10, 1], [1, 8]], [[6, 0], [1, 13]], [[12, 0], [1, 7]], [[11, 3], [0, 6]], [[8, 3], [2, 7]], [[9, 2], [2, 7]]]
--------------------------------------------
layer: 2, 6, 1 | learning rate: 0.1 | momentum rate: 0.1 | epoch: 2000
total confusion matrix [[93, 51], [7, 49]] each confusion matrix :  [[[6, 4], [1, 9]], [[13, 5], [0, 2]], [[8, 7], [1, 4]], [[9, 6], [0, 5]], [[7, 2], [2, 9]], [[7, 7], [2, 4]], [[11, 5], [0, 4]], [[10, 7], [0, 3]], [[13, 3], [0, 4]], [[9, 5], [1, 5]]]
--------------------------------------------
layer: 2, 6, 6, 1 | learning rate: 0.05 | momentum rate: 0.05 | epoch: 3000
total confusion matrix [[85, 24], [15, 76]] each confusion matrix :  [[[7, 2], [2, 9]], [[6, 1], [4, 9]], [[13, 1], [1, 5]], [[8, 6], [0, 6]], [[7, 2], [3, 8]], [[9, 3], [2, 6]], [[10, 2], [1, 7]], [[9, 4], [0, 7]], [[7, 2], [2, 9]], [[9, 1], [0, 10]]]
--------------------------------------------
layer: 2, 6, 6, 1 | learning rate: 0.3 | momentum rate: 0.1 | epoch: 2000
total confusion matrix [[78, 10], [22, 90]] each confusion matrix :  [[[9, 1], [0, 10]], [[6, 1], [4, 9]], [[6, 0], [4, 10]], [[7, 3], [0, 10]], [[6, 2], [4, 8]], [[10, 1], [0, 9]], [[8, 2], [4, 6]], [[9, 0], [2, 9]], [[9, 0], [2, 9]], [[8, 0], [2, 10]]]